#DataThief C:\Users\Keisuke\Google Drive\0 Paper\14 Modeling Crocosphaera\Data\02 Grobkopf\Ccell.PNG Wednesday 20-Jun-2018 4:44:07 PM						
0	124.8085	147.3538	102.6267	22.5453	22.1818	0.3635
3	136.3807	154.1261	118.8533	17.7454	17.5274	0.218
6	157.4073	170.9344	144.1709	13.5271	13.2364	0.2907
9	178.652	192.8338	164.6883	14.1818	13.9637	0.2181
12	212.9878	226.8058	199.0968	13.818	13.891	-0.073
15	221.1417	234.7416	207.3961	13.5999	13.7456	-0.1457
18	204.2046	226.3865	182.241	22.1819	21.9636	0.2183
21	198.3223	214.4677	183.0495	16.1454	15.2728	0.8726
24	208.2215	216.5851	199.9306	8.3636	8.2909	0.0727
