#DataThief C:\Users\Keisuke\Google Drive\0 Paper\14 Modeling Crocosphaera\Data\02 Grobkopf\Ncell.PNG Wednesday 20-Jun-2018 6:29:47 PM						
0	23.5636	25.1412	22.0028	1.5776	1.5608	0.0168
3	23.7033	26.7013	20.7713	2.998	2.932	0.066
6	23.0665	25.6598	20.4401	2.5933	2.6264	-0.0331
9	20.3319	23.6933	16.9291	3.3614	3.4028	-0.0414
12	22.0489	23.7833	20.3062	1.7344	1.7427	-0.0083
15	25.5168	26.5079	24.5505	0.9911	0.9663	0.0248
18	28.8195	30.6943	26.9695	1.8748	1.85	0.0248
21	31.8497	34.3522	29.3555	2.5025	2.4942	0.0083
24	34.4422	38.0101	30.8742	3.5679	3.568	-1.00E-04
