#DataThief C:\Users\Keisuke\Google Drive\0 Paper\14 Modeling Crocosphaera\Data\02 Grobkopf\O2flux.PNG Thursday 21-Jun-2018 2:22:41 PM						
0	8.8775	9.6159	8.1562	0.7384	0.7213	0.0171
3	9.9851	10.4054	9.5648	0.4203	0.4203	1.78E-15
6	9.7522	9.9169	9.5307	0.1647	0.2215	-0.0568
9	10.1952	10.519	9.8431	0.3238	0.3521	-0.0283
12	6.35	8.1846	4.5666	1.8346	1.7834	0.0512
15	1.4313	1.8346	1.0224	0.4033	0.4089	-0.0056
18	1.5108	1.8458	1.2041	0.335	0.3067	0.0283
21	3.7372	4.6972	2.8115	0.96	0.9257	0.0343
24	6.1853	6.5147	5.8616	0.3294	0.3237	0.0057
